generations	U	S_0	A_0	O_0	fitness_function	fit_s	fit_h	mean_hetloci	var_hetloci	mean_homloci	var_homloci	mean_totmuts	var_totmuts	var_mean_totmuts	w_self	w_apomixis	w_outcross	w_popmean	IBD	S_secondary
* 501	0.02	0.01	0	0.99	multiplicative	1	0.02	0.811514	0.814115	0	0	0.811514	0.814115	1.0032	0.805651	0	0.983507	0.981729	0.180839	0.00820645
  297	0.02	0.1	0	0.9	multiplicative	1	0.02	0.28241	0.285871	0	0	0.28241	0.285871	1.01226	0.924494	0	0.99397	0.987023	0.0698981	0.0936649
  175	0.02	0.2	0	0.8	multiplicative	1	0.02	0.153679	0.155687	0	0	0.153679	0.155687	1.01307	0.955913	0	0.996533	0.988409	0.040761	0.193425
  121	0.02	0.3	0	0.7	multiplicative	1	0.02	0.101598	0.102852	0	0	0.101598	0.102852	1.01235	0.96892	0	0.997571	0.988976	0.0287206	0.293916
  91	0.02	0.4	0	0.6	multiplicative	1	0.02	0.0735182	0.0743378	0	0	0.0735182	0.0743378	1.01115	0.976006	0	0.998131	0.989281	0.0221674	0.394632
  71	0.02	0.5	0	0.5	multiplicative	1	0.02	0.0559718	0.0565158	0	0	0.0559718	0.0565158	1.00972	0.980459	0	0.998482	0.98947	0.01805	0.495446
  58	0.02	0.6	0	0.4	multiplicative	1	0.02	0.0439715	0.044329	0	0	0.0439715	0.044329	1.00813	0.983517	0	0.998721	0.989599	0.0152241	0.596313
  48	0.02	0.7	0	0.3	multiplicative	1	0.02	0.0352476	0.035473	0	0	0.0352476	0.035473	1.00639	0.985746	0	0.998896	0.989691	0.0131644	0.69721
  41	0.02	0.8	0	0.2	multiplicative	1	0.02	0.0286197	0.0287483	0	0	0.0286197	0.0287483	1.00449	0.987443	0	0.999028	0.98976	0.0115966	0.798127
  35	0.02	0.9	0	0.1	multiplicative	1	0.02	0.0234134	0.0234692	0	0	0.0234134	0.0234692	1.00238	0.988778	0	0.999132	0.989813	0.0103633	0.899059
  31	0.02	0.99	0	0.01	multiplicative	1	0.02	0.0195985	0.0196035	0	0	0.0195985	0.0196035	1.00025	0.989757	0	0.999208	0.989852	0.00945846	0.989905
* 501	0.2	0.01	0	0.99	multiplicative	1	0.02	9.54475	9.58898	0	0	9.54475	9.58898	1.00463	0.0795329	0	0.822925	0.815491	0.903353	0.000975277
* 501	0.2	0.1	0	0.9	multiplicative	1	0.02	5.60952	6.04839	0	0	5.60952	6.04839	1.07824	0.224714	0	0.890344	0.823781	0.74761	0.0272783
  302	0.2	0.2	0	0.8	multiplicative	1	0.02	2.16833	2.45692	0	0	2.16833	2.45692	1.13309	0.545764	0	0.953765	0.872165	0.427779	0.125152
  163	0.2	0.3	0	0.7	multiplicative	1	0.02	1.24035	1.40484	0	0	1.24035	1.40484	1.13262	0.691525	0	0.97162	0.887591	0.288276	0.233731
  107	0.2	0.4	0	0.6	multiplicative	1	0.02	0.83704	0.938261	0	0	0.83704	0.938261	1.12093	0.766281	0	0.979483	0.894202	0.217667	0.342778
  78	0.2	0.5	0	0.5	multiplicative	1	0.02	0.611548	0.676052	0	0	0.611548	0.676052	1.10548	0.81153	0	0.983906	0.897718	0.175196	0.451996
  61	0.2	0.6	0	0.4	multiplicative	1	0.02	0.467383	0.508539	0	0	0.467383	0.508539	1.08806	0.84186	0	0.986745	0.899814	0.146831	0.561356
  49	0.2	0.7	0	0.3	multiplicative	1	0.02	0.367191	0.392556	0	0	0.367191	0.392556	1.06908	0.86362	0	0.988723	0.901151	0.12653	0.670847
  41	0.2	0.8	0	0.2	multiplicative	1	0.02	0.293469	0.307679	0	0	0.293469	0.307679	1.04842	0.880005	0	0.990181	0.90204	0.111268	0.780457
  35	0.2	0.9	0	0.1	multiplicative	1	0.02	0.236923	0.242998	0	0	0.236923	0.242998	1.02564	0.892796	0	0.9913	0.902646	0.0993689	0.890178
  31	0.2	0.99	0	0.01	multiplicative	1	0.02	0.19621	0.196744	0	0	0.19621	0.196744	1.00272	0.90213	0	0.992107	0.90303	0.0906931	0.989014
* 501	1	0.01	0	0.99	multiplicative	1	0.02	48.9983	48.9984	0	0	48.9983	48.9984	1	2.26143e-06	0	0.367892	0.364213	0.999994	6.20908e-08
* 501	1	0.1	0	0.9	multiplicative	1	0.02	48.9971	48.998	0	0	48.9971	48.998	1.00002	2.26307e-06	0	0.367901	0.331111	0.999994	6.83477e-07
* 501	1	0.2	0	0.8	multiplicative	1	0.02	48.9954	48.9975	0	0	48.9954	48.9975	1.00004	2.26536e-06	0	0.367914	0.294331	0.999994	1.53932e-06
* 501	1	0.3	0	0.7	multiplicative	1	0.02	48.9932	48.9968	0	0	48.9932	48.9968	1.00007	2.26838e-06	0	0.36793	0.257552	0.999994	2.64224e-06
* 501	1	0.4	0	0.6	multiplicative	1	0.02	44.4729	49.0928	0	0	44.4729	49.0928	1.10388	0.000563237	0	0.402934	0.241986	0.998602	0.000931025
* 501	1	0.5	0	0.5	multiplicative	1	0.02	24.3168	40.0357	0	0	24.3168	40.0357	1.64643	0.00938894	0	0.603687	0.306538	0.984447	0.0153145
  103	1	0.6	0	0.4	multiplicative	1	0.02	3.60998	5.99605	0	0	3.60998	5.99605	1.66097	0.326583	0	0.912141	0.560806	0.64196	0.349407
  57	1	0.7	0	0.3	multiplicative	1	0.02	2.35699	3.53562	0	0	2.35699	3.53562	1.50006	0.433911	0	0.935174	0.58429	0.536011	0.519841
  41	1	0.8	0	0.2	multiplicative	1	0.02	1.69323	2.27324	0	0	1.69323	2.27324	1.34255	0.505681	0	0.947615	0.594068	0.466364	0.680974
  33	1	0.9	0	0.1	multiplicative	1	0.02	1.26473	1.49109	0	0	1.26473	1.49109	1.17898	0.558948	0	0.955737	0.598627	0.415165	0.840345
  30	1	0.99	0	0.01	multiplicative	1	0.02	0.987217	1.00589	0	0	0.987217	1.00589	1.01891	0.59685	0	0.961037	0.600492	0.378952	0.983996
