generations	U	S_0	A_0	O_0	fitness_function	fit_s	fit_h	mean_hetloci	var_hetloci	mean_homloci	var_homloci	mean_totmuts	var_totmuts	var_mean_totmuts	w_self	w_apomixis	w_outcross	w_popmean	IBD	S_secondary
* 501	1	0	0	1	multiplicative	1	0.02	48.9984	48.9984	0	0	48.9984	48.9984	1	0	0	0.367891	0.367891	0	0
* 501	1	0.02	0	0.98	multiplicative	1	0.02	48.9982	48.9984	0	0	48.9982	48.9984	1	2.26159e-006	0	0.367893	0.360535	0.999994	1.25458e-007
* 501	1	0.04	0	0.96	multiplicative	1	0.02	48.9979	48.9983	0	0	48.9979	48.9983	1.00001	2.26194e-006	0	0.367895	0.353179	0.999994	2.5618e-007
* 501	1	0.06	0	0.94	multiplicative	1	0.02	48.9977	48.9982	0	0	48.9977	48.9982	1.00001	2.2623e-006	0	0.367897	0.345823	0.999994	3.92507e-007
* 501	1	0.08	0	0.92	multiplicative	1	0.02	48.9974	48.9981	0	0	48.9974	48.9981	1.00001	2.26267e-006	0	0.367899	0.338467	0.999994	5.34805e-007
* 501	1	0.1	0	0.9	multiplicative	1	0.02	48.9971	48.998	0	0	48.9971	48.998	1.00002	2.26307e-006	0	0.367901	0.331111	0.999994	6.83477e-007
* 501	1	0.12	0	0.88	multiplicative	1	0.02	48.9968	48.9979	0	0	48.9968	48.9979	1.00002	2.26348e-006	0	0.367903	0.323755	0.999994	8.3896e-007
* 501	1	0.14	0	0.86	multiplicative	1	0.02	48.9964	48.9978	0	0	48.9964	48.9978	1.00003	2.26392e-006	0	0.367906	0.316399	0.999994	1.00173e-006
* 501	1	0.16	0	0.84	multiplicative	1	0.02	48.9961	48.9977	0	0	48.9961	48.9977	1.00003	2.26437e-006	0	0.367908	0.309043	0.999994	1.17233e-006
* 501	1	0.18	0	0.82	multiplicative	1	0.02	48.9957	48.9976	0	0	48.9957	48.9976	1.00004	2.26485e-006	0	0.367911	0.301687	0.999994	1.35131e-006
* 501	1	0.2	0	0.8	multiplicative	1	0.02	48.9954	48.9975	0	0	48.9954	48.9975	1.00004	2.26536e-006	0	0.367914	0.294331	0.999994	1.53932e-006
* 501	1	0.22	0	0.78	multiplicative	1	0.02	48.995	48.9974	0	0	48.995	48.9974	1.00005	2.26589e-006	0	0.367917	0.286976	0.999994	1.73707e-006
* 501	1	0.24	0	0.76	multiplicative	1	0.02	48.9946	48.9972	0	0	48.9946	48.9972	1.00005	2.26646e-006	0	0.36792	0.27962	0.999994	1.94532e-006
* 501	1	0.26	0	0.74	multiplicative	1	0.02	48.9941	48.9971	0	0	48.9941	48.9971	1.00006	2.26706e-006	0	0.367923	0.272264	0.999994	2.16494e-006
* 501	1	0.28	0	0.72	multiplicative	1	0.02	48.9937	48.9969	0	0	48.9937	48.9969	1.00007	2.2677e-006	0	0.367926	0.264908	0.999994	2.39689e-006
* 501	1	0.3	0	0.7	multiplicative	1	0.02	48.9932	48.9968	0	0	48.9932	48.9968	1.00007	2.26838e-006	0	0.36793	0.257552	0.999994	2.64224e-006
* 501	1	0.32	0	0.68	multiplicative	1	0.02	48.9926	48.9966	0	0	48.9926	48.9966	1.00008	2.26911e-006	0	0.367934	0.250196	0.999994	2.90219e-006
* 501	1	0.34	0	0.66	multiplicative	1	0.02	48.9921	48.9964	0	0	48.9921	48.9964	1.00009	2.2699e-006	0	0.367938	0.24284	0.999994	3.17809e-006
* 501	1	0.36	0	0.64	multiplicative	1	0.02	48.9915	48.9962	0	0	48.9915	48.9962	1.0001	2.27081e-006	0	0.367943	0.235484	0.999994	3.47154e-006
* 501	1	0.38	0	0.62	multiplicative	1	0.02	48.9908	48.9961	0	0	48.9908	48.9961	1.00011	2.27648e-006	0	0.367948	0.228128	0.999994	3.792e-006
* 501	1	0.4	0	0.6	multiplicative	1	0.02	44.4729	49.0928	0	0	44.4729	49.0928	1.10388	0.000563237	0	0.402934	0.241986	0.998602	0.000931025
* 501	1	0.42	0	0.58	multiplicative	1	0.02	40.759	48.6528	0	0	40.759	48.6528	1.19367	0.00120055	0	0.434159	0.252316	0.997235	0.00199841
* 501	1	0.44	0	0.56	multiplicative	1	0.02	36.5733	47.7804	0	0	36.5733	47.7804	1.30643	0.00224068	0	0.472205	0.265421	0.995255	0.00371447
* 501	1	0.46	0	0.54	multiplicative	1	0.02	32.5099	46.039	0	0	32.5099	46.039	1.41615	0.0036634	0	0.512327	0.278342	0.992849	0.00605429
* 501	1	0.48	0	0.52	multiplicative	1	0.02	28.4499	43.5065	0	0	28.4499	43.5065	1.52923	0.00581097	0	0.555771	0.29179	0.989544	0.00955915
* 501	1	0.5	0	0.5	multiplicative	1	0.02	24.3168	40.0357	0	0	24.3168	40.0357	1.64643	0.00938894	0	0.603687	0.306538	0.984447	0.0153145
* 501	1	0.52	0	0.48	multiplicative	1	0.02	19.8388	34.8089	0	0	19.8388	34.8089	1.75459	0.0163832	0	0.660192	0.325412	0.975184	0.0261799
  281	1	0.54	0	0.46	multiplicative	1	0.02	5.48118	9.69909	0	0	5.48118	9.69909	1.76953	0.21549	0	0.878798	0.520612	0.75479	0.223515
  167	1	0.56	0	0.44	multiplicative	1	0.02	4.6099	7.9783	0	0	4.6099	7.9783	1.73069	0.26121	0	0.894169	0.539712	0.707873	0.271029
  126	1	0.58	0	0.42	multiplicative	1	0.02	4.03804	6.84466	0	0	4.03804	6.84466	1.69504	0.296702	0	0.904403	0.551936	0.671936	0.311788
  103	1	0.6	0	0.4	multiplicative	1	0.02	3.60998	5.99605	0	0	3.60998	5.99605	1.66097	0.326583	0	0.912141	0.560806	0.64196	0.349407
  88	1	0.62	0	0.38	multiplicative	1	0.02	3.26877	5.32105	0	0	3.26877	5.32105	1.62784	0.352676	0	0.918356	0.567634	0.61597	0.385211
  78	1	0.64	0	0.36	multiplicative	1	0.02	2.98634	4.76429	0	0	2.98634	4.76429	1.59536	0.375948	0	0.923533	0.573078	0.592924	0.419849
  69	1	0.66	0	0.34	multiplicative	1	0.02	2.7465	4.29367	0	0	2.7465	4.29367	1.56332	0.396994	0	0.927952	0.57752	0.572182	0.453692
  63	1	0.68	0	0.32	multiplicative	1	0.02	2.53903	3.88876	0	0	2.53903	3.88876	1.53159	0.416218	0	0.931792	0.581202	0.553314	0.486971
  57	1	0.7	0	0.3	multiplicative	1	0.02	2.35699	3.53562	0	0	2.35699	3.53562	1.50006	0.433911	0	0.935174	0.58429	0.536011	0.519841
  53	1	0.72	0	0.28	multiplicative	1	0.02	2.19545	3.22431	0	0	2.19545	3.22431	1.46863	0.450292	0	0.938187	0.586903	0.52004	0.552409
  49	1	0.74	0	0.26	multiplicative	1	0.02	2.05077	2.94745	0	0	2.05077	2.94745	1.43724	0.465534	0	0.940893	0.589128	0.505221	0.584755
  46	1	0.76	0	0.24	multiplicative	1	0.02	1.9202	2.69943	0	0	1.9202	2.69943	1.4058	0.479774	0	0.943342	0.591031	0.49141	0.616937
  43	1	0.78	0	0.22	multiplicative	1	0.02	1.80159	2.47586	0	0	1.80159	2.47586	1.37426	0.493125	0	0.945573	0.592664	0.47849	0.648998
  41	1	0.8	0	0.2	multiplicative	1	0.02	1.69323	2.27324	0	0	1.69323	2.27324	1.34255	0.505681	0	0.947615	0.594068	0.466364	0.680974
  39	1	0.82	0	0.18	multiplicative	1	0.02	1.59374	2.08874	0	0	1.59374	2.08874	1.31059	0.517521	0	0.949495	0.595277	0.454951	0.712891
  37	1	0.84	0	0.16	multiplicative	1	0.02	1.50201	1.92006	0	0	1.50201	1.92006	1.27833	0.528713	0	0.951231	0.596316	0.44418	0.744771
  36	1	0.86	0	0.14	multiplicative	1	0.02	1.4171	1.76526	0	0	1.4171	1.76526	1.24569	0.539316	0	0.952841	0.597209	0.433992	0.776632
  35	1	0.88	0	0.12	multiplicative	1	0.02	1.33822	1.62272	0	0	1.33822	1.62272	1.21259	0.549379	0	0.954339	0.597974	0.424335	0.808486
  33	1	0.9	0	0.1	multiplicative	1	0.02	1.26473	1.49109	0	0	1.26473	1.49109	1.17898	0.558948	0	0.955737	0.598627	0.415165	0.840345
  32	1	0.92	0	0.08	multiplicative	1	0.02	1.19606	1.36919	0	0	1.19606	1.36919	1.14475	0.568063	0	0.957046	0.599181	0.406442	0.87222
  31	1	0.94	0	0.06	multiplicative	1	0.02	1.13172	1.25603	0	0	1.13172	1.25603	1.10984	0.576757	0	0.958274	0.599648	0.398129	0.904116
  31	1	0.96	0	0.04	multiplicative	1	0.02	1.07129	1.15072	0	0	1.07129	1.15072	1.07414	0.585062	0	0.959428	0.600036	0.390197	0.936042
  30	1	0.98	0	0.02	multiplicative	1	0.02	1.01442	1.05253	0	0	1.01442	1.05253	1.03757	0.593006	0	0.960516	0.600356	0.382618	0.968002
  29	1	1	0	0	multiplicative	1	0.02	0.960784	0.960784	0	0	0.960784	0.960784	1	0.600613	0	0	0.600613	0	1
