generations	U	S_0	A_0	O_0	fitness_function	fit_s	fit_h	mean_hetloci	var_hetloci	mean_homloci	var_homloci	mean_totmuts	var_totmuts	var_mean_totmuts	w_self	w_apomixis	w_outcross	w_popmean	IBD	S_secondary
* 2001	0.2	0	0	1	multiplicative	1	0	410.183	410.054	0	0	410.183	410.054	0.999685	0	0	1	1	0	0
* 2001	0.2	0.02	0	0.98	multiplicative	1	0	409.957	409.833	0	0	409.957	409.833	0.9997	1.87802e-33	0	1	0.98	1	3.83269e-35
* 2001	0.2	0.04	0	0.96	multiplicative	1	0	409.708	409.591	0	0	409.708	409.591	0.999715	1.9235e-33	0	1	0.96	1	8.01458e-35
* 2001	0.2	0.06	0	0.94	multiplicative	1	0	409.433	409.323	0	0	409.433	409.323	0.999731	1.97504e-33	0	1	0.94	1	1.26066e-34
* 2001	0.2	0.08	0	0.92	multiplicative	1	0	409.128	409.024	0	0	409.128	409.024	0.999747	2.03402e-33	0	1	0.92	1	1.76871e-34
* 2001	0.2	0.1	0	0.9	multiplicative	1	0	408.785	408.689	0	0	408.785	408.689	0.999765	2.10227e-33	0	1	0.9	1	2.33586e-34
* 2001	0.2	0.12	0	0.88	multiplicative	1	0	408.398	408.309	0	0	408.398	408.309	0.999783	2.18234e-33	0	1	0.88	1	2.97592e-34
* 2001	0.2	0.14	0	0.86	multiplicative	1	0	407.954	407.874	0	0	407.954	407.874	0.999803	2.27782e-33	0	1	0.86	1	3.70807e-34
* 2001	0.2	0.16	0	0.84	multiplicative	1	0	407.44	407.368	0	0	407.44	407.368	0.999823	2.39398e-33	0	1	0.84	1	4.55997e-34
* 2001	0.2	0.18	0	0.82	multiplicative	1	0	406.832	406.769	0	0	406.832	406.769	0.999845	2.53901e-33	0	1	0.82	1	5.57343e-34
* 2001	0.2	0.2	0	0.8	multiplicative	1	0	406.098	406.044	0	0	406.098	406.044	0.999868	2.72624e-33	0	1	0.8	1	6.8156e-34
* 2001	0.2	0.22	0	0.78	multiplicative	1	0	405.184	405.14	0	0	405.184	405.14	0.999892	2.97934e-33	0	1	0.78	1	8.40328e-34
* 2001	0.2	0.24	0	0.76	multiplicative	1	0	403.994	403.961	0	0	403.994	403.961	0.999917	3.34512e-33	0	1	0.76	1	1.05635e-33
* 2001	0.2	0.26	0	0.74	multiplicative	1	0	402.337	402.314	0	0	402.337	402.314	0.999944	3.93295e-33	0	1	0.74	1	1.38185e-33
* 2001	0.2	0.28	0	0.72	multiplicative	1	0	399.723	399.711	0	0	399.723	399.711	0.99997	5.08367e-33	0	1	0.72	1	1.97698e-33
* 2001	0.2	0.3	0	0.7	multiplicative	1	0	394.083	394.08	0	0	394.083	394.08	0.999993	8.89406e-33	0	1	0.7	1	3.81174e-33
  272	0.2	0.32	0	0.68	multiplicative	1	0	1.40223	1.62795	0	0	1.40223	1.62795	1.16097	0.67475	0	1	0.89592	0.32525	0.241004
  210	0.2	0.34	0	0.66	multiplicative	1	0	1.26234	1.45937	0	0	1.26234	1.45937	1.15608	0.698114	0	1	0.897359	0.301886	0.264508
  178	0.2	0.36	0	0.64	multiplicative	1	0	1.14658	1.32007	0	0	1.14658	1.32007	1.1513	0.718067	0	1	0.898504	0.281933	0.287705
  156	0.2	0.38	0	0.62	multiplicative	1	0	1.04889	1.20268	0	0	1.04889	1.20268	1.14662	0.735356	0	1	0.899435	0.264644	0.310679
  139	0.2	0.4	0	0.6	multiplicative	1	0	0.96515	1.10221	0	0	0.96515	1.10221	1.14201	0.750512	0	1	0.900205	0.249488	0.333485
  126	0.2	0.42	0	0.58	multiplicative	1	0	0.892463	1.01514	0	0	0.892463	1.01514	1.13746	0.763925	0	1	0.900849	0.236075	0.356163
  115	0.2	0.44	0	0.56	multiplicative	1	0	0.828701	0.938877	0	0	0.828701	0.938877	1.13295	0.775893	0	1	0.901393	0.224107	0.378739
  106	0.2	0.46	0	0.54	multiplicative	1	0	0.772265	0.871486	0	0	0.772265	0.871486	1.12848	0.786646	0	1	0.901857	0.213354	0.401235
  98	0.2	0.48	0	0.52	multiplicative	1	0	0.721927	0.811475	0	0	0.721927	0.811475	1.12404	0.796365	0	1	0.902255	0.203635	0.423666
  91	0.2	0.5	0	0.5	multiplicative	1	0	0.676724	0.757674	0	0	0.676724	0.757674	1.11962	0.805198	0	1	0.902599	0.194802	0.446044
  85	0.2	0.52	0	0.48	multiplicative	1	0	0.635891	0.709157	0	0	0.635891	0.709157	1.11522	0.813264	0	1	0.902897	0.186736	0.468378
  80	0.2	0.54	0	0.46	multiplicative	1	0	0.59881	0.665173	0	0	0.59881	0.665173	1.11082	0.820661	0	1	0.903157	0.179339	0.490675
  75	0.2	0.56	0	0.44	multiplicative	1	0	0.564978	0.62511	0	0	0.564978	0.62511	1.10643	0.827471	0	1	0.903384	0.172529	0.512942
  71	0.2	0.58	0	0.42	multiplicative	1	0	0.533976	0.588464	0	0	0.533976	0.588464	1.10204	0.833762	0	1	0.903582	0.166238	0.535183
  67	0.2	0.6	0	0.4	multiplicative	1	0	0.505458	0.554814	0	0	0.505458	0.554814	1.09765	0.839594	0	1	0.903756	0.160406	0.557403
  63	0.2	0.62	0	0.38	multiplicative	1	0	0.479133	0.523805	0	0	0.479133	0.523805	1.09324	0.845014	0	1	0.903909	0.154986	0.579604
  60	0.2	0.64	0	0.36	multiplicative	1	0	0.454753	0.49514	0	0	0.454753	0.49514	1.08881	0.850067	0	1	0.904043	0.149933	0.601789
  57	0.2	0.66	0	0.34	multiplicative	1	0	0.432106	0.468561	0	0	0.432106	0.468561	1.08436	0.854789	0	1	0.904161	0.145211	0.623961
  55	0.2	0.68	0	0.32	multiplicative	1	0	0.411013	0.44385	0	0	0.411013	0.44385	1.07989	0.859213	0	1	0.904265	0.140787	0.646121
  52	0.2	0.7	0	0.3	multiplicative	1	0	0.391316	0.420817	0	0	0.391316	0.420817	1.07539	0.863365	0	1	0.904355	0.136635	0.668272
  50	0.2	0.72	0	0.28	multiplicative	1	0	0.372879	0.399297	0	0	0.372879	0.399297	1.07085	0.867271	0	1	0.904435	0.132729	0.690414
  48	0.2	0.74	0	0.26	multiplicative	1	0	0.355584	0.379147	0	0	0.355584	0.379147	1.06627	0.870952	0	1	0.904504	0.129048	0.71255
  46	0.2	0.76	0	0.24	multiplicative	1	0	0.339327	0.360242	0	0	0.339327	0.360242	1.06164	0.874427	0	1	0.904565	0.125573	0.734679
  44	0.2	0.78	0	0.22	multiplicative	1	0	0.324015	0.342469	0	0	0.324015	0.342469	1.05695	0.877714	0	1	0.904617	0.122286	0.756803
  42	0.2	0.8	0	0.2	multiplicative	1	0	0.309569	0.325732	0	0	0.309569	0.325732	1.05221	0.880827	0	1	0.904662	0.119173	0.778923
  41	0.2	0.82	0	0.18	multiplicative	1	0	0.295914	0.309943	0	0	0.295914	0.309943	1.04741	0.883781	0	1	0.9047	0.116219	0.801039
  39	0.2	0.84	0	0.16	multiplicative	1	0	0.282989	0.295024	0	0	0.282989	0.295024	1.04253	0.886587	0	1	0.904733	0.113413	0.823152
  38	0.2	0.86	0	0.14	multiplicative	1	0	0.270735	0.280906	0	0	0.270735	0.280906	1.03757	0.889256	0	1	0.90476	0.110744	0.845263
  37	0.2	0.88	0	0.12	multiplicative	1	0	0.2591	0.267528	0	0	0.2591	0.267528	1.03253	0.891798	0	1	0.904783	0.108202	0.867371
  36	0.2	0.9	0	0.1	multiplicative	1	0	0.248038	0.254833	0	0	0.248038	0.254833	1.02739	0.894223	0	1	0.904801	0.105777	0.889478
  35	0.2	0.92	0	0.08	multiplicative	1	0	0.237509	0.24277	0	0	0.237509	0.24277	1.02215	0.896538	0	1	0.904815	0.103462	0.911584
  34	0.2	0.94	0	0.06	multiplicative	1	0	0.227473	0.231295	0	0	0.227473	0.231295	1.0168	0.89875	0	1	0.904825	0.10125	0.933689
  33	0.2	0.96	0	0.04	multiplicative	1	0	0.217896	0.220366	0	0	0.217896	0.220366	1.01134	0.900867	0	1	0.904832	0.0991333	0.955793
  32	0.2	0.98	0	0.02	multiplicative	1	0	0.208748	0.209946	0	0	0.208748	0.209946	1.00574	0.902894	0	1	0.904836	0.097106	0.977897
  31	0.2	1	0	0	multiplicative	1	0	0.2	0.2	0	0	0.2	0.2	1	0.904837	0	0	0.904837	0	1
