generations	U	S_0	A_0	O_0	fitness_function	fit_s	fit_h	mean_hetloci	var_hetloci	mean_homloci	var_homloci	mean_totmuts	var_totmuts	var_mean_totmuts	w_self	w_apomixis	w_outcross	w_popmean	IBD	S_secondary
* 501	1.5	0	0	1	multiplicative	1	0.02	73.4975	73.4975	0	0	73.4975	73.4975	1	0	0	0.223142	0.223142	0	0
* 501	1.5	0.02	0	0.98	multiplicative	1	0.02	73.4975	73.4975	0	0	73.4975	73.4975	1	3.4006e-009	0	0.223142	0.218679	1	3.11013e-010
* 501	1.5	0.04	0	0.96	multiplicative	1	0.02	73.4974	73.4975	0	0	73.4974	73.4975	1	3.40062e-009	0	0.223142	0.214216	1	6.34989e-010
* 501	1.5	0.06	0	0.94	multiplicative	1	0.02	73.4974	73.4974	0	0	73.4974	73.4974	1	3.40064e-009	0	0.223142	0.209753	1	9.72754e-010
* 501	1.5	0.08	0	0.92	multiplicative	1	0.02	73.4974	73.4974	0	0	73.4974	73.4974	1	3.40066e-009	0	0.223142	0.20529	1	1.32521e-009
* 501	1.5	0.1	0	0.9	multiplicative	1	0.02	73.4974	73.4974	0	0	73.4974	73.4974	1	3.40068e-009	0	0.223142	0.200828	1	1.69333e-009
* 501	1.5	0.12	0	0.88	multiplicative	1	0.02	73.4974	73.4974	0	0	73.4974	73.4974	1	3.4007e-009	0	0.223142	0.196365	1	2.0782e-009
* 501	1.5	0.14	0	0.86	multiplicative	1	0.02	73.4974	73.4974	0	0	73.4974	73.4974	1	3.40073e-009	0	0.223142	0.191902	1	2.48096e-009
* 501	1.5	0.16	0	0.84	multiplicative	1	0.02	73.4974	73.4974	0	0	73.4974	73.4974	1	3.40075e-009	0	0.223142	0.187439	1	2.90292e-009
* 501	1.5	0.18	0	0.82	multiplicative	1	0.02	73.4974	73.4974	0	0	73.4974	73.4974	1	3.40078e-009	0	0.223142	0.182976	1	3.34546e-009
* 501	1.5	0.2	0	0.8	multiplicative	1	0.02	73.4974	73.4974	0	0	73.4974	73.4974	1	3.40081e-009	0	0.223142	0.178514	1	3.81014e-009
* 501	1.5	0.22	0	0.78	multiplicative	1	0.02	73.4974	73.4974	0	0	73.4974	73.4974	1	3.40083e-009	0	0.223142	0.174051	1	4.29865e-009
* 501	1.5	0.24	0	0.76	multiplicative	1	0.02	73.4974	73.4974	0	0	73.4974	73.4974	1	3.40086e-009	0	0.223142	0.169588	1	4.81289e-009
* 501	1.5	0.26	0	0.74	multiplicative	1	0.02	73.4974	73.4974	0	0	73.4974	73.4974	1	3.4009e-009	0	0.223142	0.165125	1	5.35493e-009
* 501	1.5	0.28	0	0.72	multiplicative	1	0.02	73.4974	73.4974	0	0	73.4974	73.4974	1	3.40093e-009	0	0.223142	0.160662	1	5.9271e-009
* 501	1.5	0.3	0	0.7	multiplicative	1	0.02	73.4974	73.4974	0	0	73.4974	73.4974	1	3.40097e-009	0	0.223142	0.156199	1	6.53197e-009
* 501	1.5	0.32	0	0.68	multiplicative	1	0.02	73.4974	73.4974	0	0	73.4974	73.4974	1	3.40101e-009	0	0.223142	0.151737	1	7.17245e-009
* 501	1.5	0.34	0	0.66	multiplicative	1	0.02	72.5094	77.3561	0	0	72.5094	77.3561	1.06684	0.000134654	0	0.22745	0.150163	0.999408	0.000304886
* 501	1.5	0.36	0	0.64	multiplicative	1	0.02	66.1752	75.7173	0	0	66.1752	75.7173	1.14419	0.000334604	0	0.258548	0.165591	0.998706	0.00072744
* 501	1.5	0.38	0	0.62	multiplicative	1	0.02	61.0645	76.7378	0	0	61.0645	76.7378	1.25667	0.000677576	0	0.286522	0.177901	0.997635	0.00144731
* 501	1.5	0.4	0	0.6	multiplicative	1	0.02	56.8902	76.0626	0	0	56.8902	76.0626	1.33701	0.00100016	0	0.311669	0.187402	0.996791	0.00213479
* 501	1.5	0.42	0	0.58	multiplicative	1	0.02	52.8744	75.727	0	0	52.8744	75.727	1.43221	0.00144426	0	0.33787	0.196571	0.995725	0.00308586
* 501	1.5	0.44	0	0.56	multiplicative	1	0.02	48.8837	74.9004	0	0	48.8837	74.9004	1.53222	0.00201315	0	0.366074	0.205887	0.994501	0.00430229
* 501	1.5	0.46	0	0.54	multiplicative	1	0.02	44.8761	73.4626	0	0	44.8761	73.4626	1.63701	0.00275025	0	0.396758	0.215515	0.993068	0.00587021
* 501	1.5	0.48	0	0.52	multiplicative	1	0.02	40.8689	71.5766	0	0	40.8689	71.5766	1.75137	0.00374178	0	0.429965	0.225378	0.991297	0.00796909
* 501	1.5	0.5	0	0.5	multiplicative	1	0.02	36.8939	69.1047	0	0	36.8939	69.1047	1.87307	0.00508074	0	0.4656	0.23534	0.989088	0.0107945
* 501	1.5	0.52	0	0.48	multiplicative	1	0.02	32.9283	65.7947	0	0	32.9283	65.7947	1.99812	0.00691816	0	0.504053	0.245543	0.986275	0.014651
* 501	1.5	0.54	0	0.46	multiplicative	1	0.02	28.9491	61.5097	0	0	28.9491	61.5097	2.12475	0.00955282	0	0.545773	0.256214	0.982497	0.0201337
  469	1.5	0.56	0	0.44	multiplicative	1	0.02	24.9286	56.0141	0	0	24.9286	56.0141	2.24698	0.0135575	0	0.591362	0.267792	0.977074	0.0283511
  404	1.5	0.58	0	0.42	multiplicative	1	0.02	20.7878	48.9192	0	0	20.7878	48.9192	2.35326	0.0202676	0	0.642206	0.281482	0.968441	0.0417618
  290	1.5	0.6	0	0.4	multiplicative	1	0.02	16.2454	39.2958	0	0	16.2454	39.2958	2.41889	0.0340328	0	0.702894	0.301577	0.951582	0.0677096
  187	1.5	0.62	0	0.38	multiplicative	1	0.02	10.547	24.9479	0	0	10.547	24.9479	2.3654	0.078008	0	0.787032	0.347437	0.900883	0.139205
  152	1.5	0.64	0	0.36	multiplicative	1	0.02	7.41764	16.5911	0	0	7.41764	16.5911	2.2367	0.136105	0	0.837418	0.388578	0.83747	0.22417
  109	1.5	0.66	0	0.34	multiplicative	1	0.02	6.06532	12.9782	0	0	6.06532	12.9782	2.13974	0.17651	0	0.86018	0.408958	0.794798	0.284863
  86	1.5	0.68	0	0.32	multiplicative	1	0.02	5.21873	10.7341	0	0	5.21873	10.7341	2.05684	0.208799	0	0.874745	0.421902	0.761303	0.336532
  71	1.5	0.7	0	0.3	multiplicative	1	0.02	4.60539	9.12445	0	0	4.60539	9.12445	1.98125	0.2364	0	0.885453	0.431116	0.733017	0.383842
  62	1.5	0.72	0	0.28	multiplicative	1	0.02	4.12718	7.88352	0	0	4.12718	7.88352	1.91015	0.260804	0	0.893894	0.438069	0.708239	0.428651
  54	1.5	0.74	0	0.26	multiplicative	1	0.02	3.73745	6.88446	0	0	3.73745	6.88446	1.84202	0.282814	0	0.900833	0.443499	0.686053	0.471889
  48	1.5	0.76	0	0.24	multiplicative	1	0.02	3.41027	6.0565	0	0	3.41027	6.0565	1.77596	0.302929	0	0.906702	0.447834	0.6659	0.514087
  44	1.5	0.78	0	0.22	multiplicative	1	0.02	3.12968	5.35592	0	0	3.12968	5.35592	1.71133	0.321485	0	0.911766	0.451347	0.647404	0.555578
  41	1.5	0.8	0	0.2	multiplicative	1	0.02	2.88512	4.75376	0	0	2.88512	4.75376	1.64768	0.338724	0	0.916204	0.45422	0.630296	0.596582
  38	1.5	0.82	0	0.18	multiplicative	1	0.02	2.66925	4.2298	0	0	2.66925	4.2298	1.58464	0.354829	0	0.92014	0.456585	0.614375	0.637252
  36	1.5	0.84	0	0.16	multiplicative	1	0.02	2.47673	3.76933	0	0	2.47673	3.76933	1.5219	0.369942	0	0.923665	0.458537	0.599485	0.6777
  35	1.5	0.86	0	0.14	multiplicative	1	0.02	2.30359	3.36134	0	0	2.30359	3.36134	1.45918	0.384175	0	0.926847	0.460149	0.585503	0.718008
  33	1.5	0.88	0	0.12	multiplicative	1	0.02	2.14674	2.99735	0	0	2.14674	2.99735	1.39623	0.397624	0	0.92974	0.461478	0.572328	0.758236
  32	1.5	0.9	0	0.1	multiplicative	1	0.02	2.0038	2.67067	0	0	2.0038	2.67067	1.33281	0.410365	0	0.932385	0.462567	0.559877	0.798432
  31	1.5	0.92	0	0.08	multiplicative	1	0.02	1.87282	2.376	0	0	1.87282	2.376	1.26867	0.422464	0	0.934815	0.463452	0.548078	0.838634
  31	1.5	0.94	0	0.06	multiplicative	1	0.02	1.75225	2.10898	0	0	1.75225	2.10898	1.20358	0.433978	0	0.937059	0.464163	0.536872	0.878871
  30	1.5	0.96	0	0.04	multiplicative	1	0.02	1.64081	1.86607	0	0	1.64081	1.86607	1.13729	0.444957	0	0.939137	0.464724	0.526207	0.919166
  29	1.5	0.98	0	0.02	multiplicative	1	0.02	1.53741	1.6443	0	0	1.53741	1.6443	1.06952	0.455442	0	0.94107	0.465154	0.516039	0.959537
  28	1.5	1	0	0	multiplicative	1	0.02	1.44118	1.44118	0	0	1.44118	1.44118	1	0.465471	0	0	0.465471	0	1
